  0.110000000000000005759281940242999553         4511.22073255954235144071854026620568      
  0.120000000000000005967448757360216405         3797.08637353521913828148136483758445      
  0.130000000000000006175615574477433256         3216.20323017838347383598390714505954      
  0.140000000000000006383782391594650107         2737.23009938448986042257627009988884      
  0.150000000000000006591949208711866959         2337.80365303265666247275205551167207      
  0.160000000000000006800116025829083810         2001.54492362910563859096354465609373      
  0.170000000000000007008282842946300661         1716.18839135769386059613879534695626      
  0.180000000000000007216449660063517513         1472.37142364570984099908096519328906      
  0.190000000000000007424616477180734364         1262.82726235172154081328580733407928      
  0.200000000000000007632783294297951215         1081.83288210085186999058855283838676      
  0.210000000000000007840950111415168067         924.822513921495816754266202960149926      
  0.220000000000000008049116928532384918         788.111611552407903507883723045005976      
  0.230000000000000008257283745649601769         668.696118778389790930221679902565927      
  0.240000000000000008465450562766818621         564.104119362464223128613473059493003      
  0.250000000000000008673617379884035472         472.284590647330965619580064174706304      
  0.260000000000000008881784197001252323         391.522871181004005396171030381259883      
  0.270000000000000009089951014118469175         320.375649558868395001676785090922255      
  0.280000000000000009298117831235686026         257.620412898400163074294929035504242      
  0.290000000000000009506284648352902877         202.215739549687939505237713245304506      
  0.300000000000000009714451465470119729         153.269818014404490909211762249580474      
  0.310000000000000009922618282587336580         110.015272203824343663278578326705311      
  0.320000000000000010130785099704553431         71.7888686327555190226052777115504605      
  0.330000000000000010338951916821770283         38.0150372620229154792677175878224037      
  0.340000000000000010547118733938987134         8.19239669485629851035349429084443652      
  0.350000000000000010755285551056203985        -18.1173351321769286650973316368974349      
  0.360000000000000010963452368173420837        -41.2985221573380804970127566045333741      
  0.370000000000000011171619185290637688        -61.6892545958043090107714871404389830      
  0.380000000000000011379786002407854539        -79.5877475399318844034011493626906418      
  0.390000000000000011587952819525071391        -95.2577234879779167952454399945059496      
  0.400000000000000011796119636642288242        -108.932961398117769707544182816803665      
  0.410000000000000012004286453759505093        -120.821158336531908991254639702744567      
  0.420000000000000012212453270876721945        -131.107221278961894897295683276457611      
  0.430000000000000012420620087993938796        -139.956084225226093909489356114460126      
  0.440000000000000012628786905111155647        -147.515128074923667695774800574445144      
  0.450000000000000012836953722228372499        -153.916266624327602862715184284448627      
  0.460000000000000013045120539345589350        -159.277750774144671841789553627059414      
  0.470000000000000013253287356462806201        -163.705733972804282878237031743371309      
  0.480000000000000013461454173580023053        -167.295634591005582615712207886744921      
  0.490000000000000013669620990697239904        -170.133324968710082635047732427417432      
  0.500000000000000013877787807814456755        -172.296172015119344313369850927409030      
  0.510000000000000014085954624931673607        -173.853950256637197543392152032490994      
  0.520000000000000014294121442048890458        -174.869644945786493922974936058844858      
  0.530000000000000014502288259166107309        -175.400160130234077261246757487096174      
  0.540000000000000014710455076283324161        -175.496944328257930994051225898944520      
  0.550000000000000014918621893400541012        -175.206544579791432562027723370085534      
  0.560000000000000015126788710517757863        -174.571098072300825104910643302493640      
  0.570000000000000015334955527634974715        -173.628769223309313018880193089820345      
  0.580000000000000015543122344752191566        -172.414138992082384273167144224236172      
  0.590000000000000015751289161869408417        -170.958552255942290184272435129559989      
  0.600000000000000015959455978986625269        -169.290428292685177782291881783800927      
  0.610000000000000016167622796103842120        -167.435538735785768033048610415682373      
  0.620000000000000016375789613221058971        -165.417256793945641162124929055825775      
  0.630000000000000016583956430338275823        -163.256781034994073265334072571371938      
  0.640000000000000016792123247455492674        -160.973336612914341087798944338717742      
  0.650000000000000017000290064572709525        -158.584356454853879964734755996467955      
  0.660000000000000017208456881689926377        -156.105644613253961089078594684957765      
  0.670000000000000017416623698807143228        -153.551523719095707152343785269512327      
  0.680000000000000017624790515924360079        -150.934968239345534116752889111543476      
  0.690000000000000017832957333041576931        -148.267725039664471878280578080900762      
  0.700000000000000018041124150158793782        -145.560422577842079607839656869268688      
  0.710000000000000018249290967276010633        -142.822669900450767814596908369591869      
  0.720000000000000018457457784393227485        -140.063146481699324914685694291546562      
  0.730000000000000018665624601510444336        -137.289683826691974702053200978951612      
  0.740000000000000018873791418627661187        -134.509339658975456639681063733020619      
  0.750000000000000019081958235744878039        -131.728465422426883181842658258436018      
  0.760000000000000019290125052862094890        -128.952767748531691377157309491721723      
  0.770000000000000019498291869979311741        -126.187364470497539471308565619866399      
  0.780000000000000019706458687096528593        -123.436835704224004635478960047282976      
  0.790000000000000019914625504213745444        -120.705270461849387165923843102869194      
  0.800000000000000020122792321330962295        -117.996309215521061164190770564579169      
  0.810000000000000020330959138448179147        -115.313182786405200297730744330395411      
  0.820000000000000020539125955565395998        -112.658747896091823973731110602222638      
  0.830000000000000020747292772682612849        -110.035519683878833483184418173703830      
  0.840000000000000020955459589799829700        -107.445701463428251154042534698546845      
  0.850000000000000021163626406917046552        -104.891211965539733002078781277253113      
  0.860000000000000021371793224034263403        -102.373710289898014961558852058233505      
  0.870000000000000021579960041151480254        -99.8946187672886715556504865670971844      
  0.880000000000000021788126858268697106        -97.4551439146490323270046454635408492      
  0.890000000000000021996293675385913957        -95.0562956481733963599600848566967380      
  0.900000000000000022204460492503130808        -92.6989049043004342141300877125877186      
  0.910000000000000022412627309620347660        -90.3836398045798321395890437087991857      
  0.920000000000000022620794126737564511        -88.1110204879725090122676776459402089      
  0.930000000000000022828960943854781362        -85.8814327229324496916723103169062520      
  0.940000000000000023037127760971998214        -83.6951404015146476266869474468109524      
  0.950000000000000023245294578089215065        -81.5522970086348078754286687309681908      
  0.960000000000000023453461395206431916        -79.4529561513679966525878296252699839      
  0.970000000000000023661628212323648768        -77.3970812257229836656775352510067920      
  0.980000000000000023869795029440865619        -75.3845542915847554108042770394844593      
  0.990000000000000024077961846558082470        -73.4151842204069393571026823859269648      
   1.00000000000000002428612866367529932        -71.4887141746941226967488718510115603      
   1.01000000000000002449429548079251617        -69.6048284732838490981010442387020042      
   1.02000000000000002470246229790973302        -67.7631588918682815770042563837688193      
   1.03000000000000002491062911502694988        -65.9632904440405139605282564009534930      
   1.04000000000000002511879593214416673        -64.2047666843695723699054114803726814      
   1.05000000000000002532696274926138358        -62.4870945715648717827887137161226056      
   1.06000000000000002553512956637860043        -60.8097489266527113189773003894230677      
   1.07000000000000002574329638349581728        -59.1721765182251316201162089872136262      
   1.08000000000000002595146320061303413        -57.5737998042089592016480755763084229      
   1.09000000000000002615963001773025098        -56.0140203572166454989352234304505871      
   1.10000000000000002636779683484746784        -54.4922219983594754873543218410689149      
   1.11000000000000002657596365196468469        -53.0077736624088980827357146648172513      
   1.12000000000000002678413046908190154        -51.5600320153660367419107986709551483      
   1.13000000000000002699229728619911839        -50.1483438438274820705195556074203111      
   1.14000000000000002720046410331633524        -48.7720482340033667749798073587134166      
   1.15000000000000002740863092043355209        -47.4304785568389452608729976832715023      
   1.16000000000000002761679773755076894        -46.1229642744021228741296728478416027      
   1.17000000000000002782496455466798579        -44.8488325815163640269430549533155057      
   1.18000000000000002803313137178520265        -43.6074098955318870856966239390544565      
   1.19000000000000002824129818890241950        -42.3980232061296325640474831588114300      
   1.20000000000000002844946500601963635        -41.2200012961345599427648822731538026      
   1.21000000000000002865763182313685320        -40.0726758434704830775367056548076508      
   1.22000000000000002886579864025407005        -38.9553824136116257730353472339468422      
   1.23000000000000002907396545737128690        -37.8674613511706713845340141680295329      
   1.24000000000000002928213227448850375        -36.8082585786041133708811319536299489      
   1.25000000000000002949029909160572061        -35.7771263094084738539055964126499393      
   1.26000000000000002969846590872293746        -34.7734236826211518912515918068301625      
   1.27000000000000002990663272584015431        -33.7965173249233805981680719747919661      
   1.28000000000000003011479954295737116        -32.8457818461664453010534619004173000      
   1.29000000000000003032296636007458801        -31.9206002737026884696792310702133200      
   1.30000000000000003053113317719180486        -31.0203644304969289667780053966227703      
   1.31000000000000003073929999430902171        -30.1444752616190373859873297341563131      
   1.32000000000000003094746681142623856        -29.2923431133720529453650111543991865      
   1.33000000000000003115563362854345542        -28.4633879689901290469044083149316582      
   1.34000000000000003136380044566067227        -27.6570396445446748888208860288896015      
   1.35000000000000003157196726277788912        -26.8727379484234149345408968062389783      
   1.36000000000000003178013407989510597        -26.1099328074939712283693002067639357      
   1.37000000000000003198830089701232282        -25.3680843628293850571512412317994293      
   1.38000000000000003219646771412953967        -24.6466630376562659294814150891045732      
   1.39000000000000003240463453124675652        -23.9451495799856393781651532883831271      
   1.40000000000000003261280134836397337        -23.2630350822008227131326691844926497      
   1.41000000000000003282096816548119023        -22.5998209797046519629516466894528817      
   1.42000000000000003302913498259840708        -21.9550190305690679579458053303580694      
   1.43000000000000003323730179971562393        -21.3281512779824827871967874740716273      
   1.44000000000000003344546861683284078        -20.7187499971536043651798825668620228      
   1.45000000000000003365363543395005763        -20.1263576282036814333575682042188045      
   1.46000000000000003386180225106727448        -19.5505266964616931511435814162517221      
   1.47000000000000003406996906818449133        -18.9908197214681545638175896028553724      
   1.48000000000000003427813588530170819        -18.4468091158923037471221319376405267      
   1.49000000000000003448630270241892504        -17.9180770754738899379049252020494807      
   1.50000000000000003469446951953614189        -17.4042154610140515557452219991837250      
   1.51000000000000003490263633665335874        -16.9048256733593575431407495106640816      
   1.52000000000000003511080315377057559        -16.4195185222485221011329970588317081      
   1.53000000000000003531896997088779244        -15.9479140898221641303869643591237053      
   1.54000000000000003552713678800500929        -15.4896415895318733848630221522479112      
   1.55000000000000003573530360512222614        -15.0443392211254002168316670620470635      
   1.56000000000000003594347042223944300        -14.6116540223296670063749175229025904      
   1.57000000000000003615163723935665985        -14.1912417178021943793575996796204200      
   1.58000000000000003635980405647387670        -13.7827665658741548740161315204462830      
   1.59000000000000003656797087359109355        -13.3859012035643430377202842407364646      
   1.60000000000000003677613769070831040        -13.0003264903026360401945830549102753      
   1.61000000000000003698430450782552725        -12.6257313507637830588727531385965016      
   1.62000000000000003719247132494274410        -12.2618126171773920616701787670550010      
   1.63000000000000003740063814205996096        -11.9082748714475818780239622636859609      
   1.64000000000000003760880495917717781        -11.5648302873857526773697379070943259      
   1.65000000000000003781697177629439466        -11.2311984733321295100495630278315441      
   1.66000000000000003802513859341161151        -10.9071063154159940263024232798426985      
   1.67000000000000003823330541052882836        -10.5922878216806928392952310494072872      
   1.68000000000000003844147222764604521        -10.2864839672774616988267231918409650      
   1.69000000000000003864963904476326206        -9.98944254091170686572573027755694011      
   1.70000000000000003885780586188047891        -9.70091799270652198445027542190532866      
   1.71000000000000003906597267899769577        -9.42067128363078182734891845259769098      
   1.72000000000000003927413949611491262        -9.14846973662304272166473490007814861      
   1.73000000000000003948230631323212947        -8.88408688952759960508623361794198340      
   1.74000000000000003969047313034934632        -8.62730234994531444229463240480628804      
   1.75000000000000003989863994746656317        -8.37790165208915926498467391747251801      
   1.76000000000000004010680676458378002        -8.13567611572273415351114204624762628      
   1.77000000000000004031497358170099687        -7.90042270724925612077474098902463259      
   1.78000000000000004052314039881821373        -7.67194390300860404748760701243930516      
   1.79000000000000004073130721593543058        -7.45004755483088705793572813657846419      
   1.80000000000000004093947403305264743        -7.23454675788662274266537895528087562      
   1.81000000000000004114764085016986428        -7.02525972086591507426775639591987362      
   1.82000000000000004135580766728708113        -6.82200963851196101009184141918335499      
   1.83000000000000004156397448440429798        -6.62462456652774429892890301473496642      
   1.84000000000000004177214130152151483        -6.43293729886885271817422206646792889      
   1.85000000000000004198030811863873168        -6.24678524742994159585858197578982547      
   1.86000000000000004218847493575594854        -6.06601032412742546657753097237345321      
   1.87000000000000004239664175287316539        -5.89045882537647704583858059242998951      
   1.88000000000000004260480856999038224        -5.71998131895631670705367624525646148      
   1.89000000000000004281297538710759909        -5.55443253325405681817605186892847700      
   1.90000000000000004302114220422481594        -5.39367124887399618320606646867019871      
   1.91000000000000004322930902134203279        -5.23756019259621487236246691479509935      
   1.92000000000000004343747583845924964        -5.08596593366557511008934266569114183      
   1.93000000000000004364564265557646650        -4.93875878238976745866267717629033332      
   1.94000000000000004385380947269368335        -4.79581269102283265039698911801850253      
   1.95000000000000004406197628981090020        -4.65700515690861886880585150796038629      
   1.96000000000000004427014310692811705        -4.52221712785688416852060178581109464      
   1.97000000000000004447830992404533390        -4.39133290972320739912799440950555927      
   1.98000000000000004468647674116255075        -4.26424007616251295267001456023116930      
   1.99000000000000004489464355827976760        -4.14082938052483045276962263693846722      
   2.00000000000000004510281037539698445        -4.02099466986088670775754079079806594      
